[cover.jpg]
filters=finetune2=1,0.000000,0.000000,0.000000,00000000,0.450292;Border=1,0.000000,0.000000,0.000000,00000000,00ffffff,0.000000;finetune2=1,0.076023,0.000000,0.000000,00000000,0.321637;
moddate=25922c9d7b0bd801
width=2642
height=2026
textactive=0
